,cost_function,value,name,level
0,all_time_peak_average,1.6648751806493782,District,district
1,annual_normalized_unserved_energy_total,0.0,District,district
2,carbon_emissions_total,1.4041909649721303,District,district
3,cost_total,1.3863370068060028,District,district
4,daily_one_minus_load_factor_average,1.0330038772757086,District,district
5,daily_peak_average,1.4404312337188283,District,district
6,discomfort_cold_delta_average,0.0,District,district
7,discomfort_cold_delta_maximum,0.0,District,district
8,discomfort_cold_delta_minimum,0.0,District,district
9,discomfort_cold_proportion,,District,district
10,discomfort_hot_delta_average,0.0,District,district
11,discomfort_hot_delta_maximum,0.0,District,district
12,discomfort_hot_delta_minimum,0.0,District,district
13,discomfort_hot_proportion,,District,district
14,discomfort_proportion,,District,district
15,electricity_consumption_total,1.4084495776741484,District,district
16,monthly_one_minus_load_factor_average,1.0266267127342497,District,district
17,one_minus_thermal_resilience_proportion,,District,district
18,power_outage_normalized_unserved_energy_total,,District,district
19,ramping_average,2.2882034476566724,District,district
20,zero_net_energy,1.1727123749338255,District,district
21,electricity_consumption_total,0.9997795783122398,Building_1,building
22,zero_net_energy,1.0054079389671553,Building_1,building
23,carbon_emissions_total,0.9999566046998316,Building_1,building
24,cost_total,0.9976200960138266,Building_1,building
25,discomfort_proportion,,Building_1,building
26,discomfort_cold_proportion,,Building_1,building
27,discomfort_hot_proportion,,Building_1,building
28,discomfort_cold_delta_minimum,0.0,Building_1,building
29,discomfort_cold_delta_maximum,0.0,Building_1,building
30,discomfort_cold_delta_average,0.0,Building_1,building
31,discomfort_hot_delta_minimum,0.0,Building_1,building
32,discomfort_hot_delta_maximum,0.0,Building_1,building
33,discomfort_hot_delta_average,0.0,Building_1,building
34,one_minus_thermal_resilience_proportion,,Building_1,building
35,power_outage_normalized_unserved_energy_total,,Building_1,building
36,annual_normalized_unserved_energy_total,0.0,Building_1,building
37,electricity_consumption_total,1.4573915738839962,Building_2,building
38,zero_net_energy,1.153356816212273,Building_2,building
39,carbon_emissions_total,1.4464539389312399,Building_2,building
40,cost_total,1.443098570725047,Building_2,building
41,discomfort_proportion,,Building_2,building
42,discomfort_cold_proportion,,Building_2,building
43,discomfort_hot_proportion,,Building_2,building
44,discomfort_cold_delta_minimum,0.0,Building_2,building
45,discomfort_cold_delta_maximum,0.0,Building_2,building
46,discomfort_cold_delta_average,0.0,Building_2,building
47,discomfort_hot_delta_minimum,0.0,Building_2,building
48,discomfort_hot_delta_maximum,0.0,Building_2,building
49,discomfort_hot_delta_average,0.0,Building_2,building
50,one_minus_thermal_resilience_proportion,,Building_2,building
51,power_outage_normalized_unserved_energy_total,,Building_2,building
52,annual_normalized_unserved_energy_total,0.0,Building_2,building
53,electricity_consumption_total,1.5229546215373546,Building_3,building
54,zero_net_energy,1.3594662053842332,Building_3,building
55,carbon_emissions_total,1.5077857976608358,Building_3,building
56,cost_total,1.475144914633369,Building_3,building
57,discomfort_proportion,,Building_3,building
58,discomfort_cold_proportion,,Building_3,building
59,discomfort_hot_proportion,,Building_3,building
60,discomfort_cold_delta_minimum,0.0,Building_3,building
61,discomfort_cold_delta_maximum,0.0,Building_3,building
62,discomfort_cold_delta_average,0.0,Building_3,building
63,discomfort_hot_delta_minimum,0.0,Building_3,building
64,discomfort_hot_delta_maximum,0.0,Building_3,building
65,discomfort_hot_delta_average,0.0,Building_3,building
66,one_minus_thermal_resilience_proportion,,Building_3,building
67,power_outage_normalized_unserved_energy_total,,Building_3,building
68,annual_normalized_unserved_energy_total,0.0,Building_3,building
69,electricity_consumption_total,1.4951350006495259,Building_4,building
70,zero_net_energy,1.1322931382358767,Building_4,building
71,carbon_emissions_total,1.5107944641172288,Building_4,building
72,cost_total,1.5575084594463728,Building_4,building
73,discomfort_proportion,,Building_4,building
74,discomfort_cold_proportion,,Building_4,building
75,discomfort_hot_proportion,,Building_4,building
76,discomfort_cold_delta_minimum,0.0,Building_4,building
77,discomfort_cold_delta_maximum,0.0,Building_4,building
78,discomfort_cold_delta_average,0.0,Building_4,building
79,discomfort_hot_delta_minimum,0.0,Building_4,building
80,discomfort_hot_delta_maximum,0.0,Building_4,building
81,discomfort_hot_delta_average,0.0,Building_4,building
82,one_minus_thermal_resilience_proportion,,Building_4,building
83,power_outage_normalized_unserved_energy_total,,Building_4,building
84,annual_normalized_unserved_energy_total,0.0,Building_4,building
85,electricity_consumption_total,1.5669871139876252,Building_5,building
86,zero_net_energy,1.2130377758695898,Building_5,building
87,carbon_emissions_total,1.5559640194515154,Building_5,building
88,cost_total,1.4583129932113985,Building_5,building
89,discomfort_proportion,,Building_5,building
90,discomfort_cold_proportion,,Building_5,building
91,discomfort_hot_proportion,,Building_5,building
92,discomfort_cold_delta_minimum,0.0,Building_5,building
93,discomfort_cold_delta_maximum,0.0,Building_5,building
94,discomfort_cold_delta_average,0.0,Building_5,building
95,discomfort_hot_delta_minimum,0.0,Building_5,building
96,discomfort_hot_delta_maximum,0.0,Building_5,building
97,discomfort_hot_delta_average,0.0,Building_5,building
98,one_minus_thermal_resilience_proportion,,Building_5,building
99,power_outage_normalized_unserved_energy_total,,Building_5,building
100,annual_normalized_unserved_energy_total,0.0,Building_5,building
